441
272
255
127
204
143
197
227
541
247
72
314
500
66
507
492
523
361
529
516
218
38
219
236
6
394
344
386
4
421
298
214
546
542
463
371
173
35
51
102
511
337
176
404
62
376
206
169
254
195
514
297
350
475
68
413
128
186
242
267
264
97
530
187
400
146
65
431
450
537
147
326
354
79
120
300
110
333
46
158
335
338
49
508
547
424
403
455
283
309
460
531
188
504
322
223
177
160
104
103
100
313
373
164
221
327
209
25
168
31
491
244
480
231
534
12
167
86
549
439
406
366
483
125
415
330
417
505
405
117
490
193
191
232
393
203
256
210
126
162
275
91
533
178
138
427
469
318
464
308
33
92
336
501
228
396
269
17
398
175
130
40
153
73
24
290
11
532
202
416
414
527
75
496
383
412
306
349
116
43
458
181
391
52
148
81
174
145
250
93
280
345
420
321
205
13
50
410
351
82
282
434
320
397
509
106
201
54
378
84
135
340
8
379
367
183
323
365
315
21
154
252
423
389
292
526
355
521
478
518
540
362
359
99
149
506
57
385
288
261
515
144
462
486
357
419
156
502
157
83
482
497
251
171
295
1
56
253
443
476
538
142
263
105
131
481
265
67
312
213
472
422
347
235
408
279
208
34
426
20
352
90
53
239
77
248
447
395
343
402
266
85
399
220
356
487
61
78
95
287
14
16
375
238
293
87
473
428
89
456
411
170
80
237
19
166
58
388
495
303
377
119
449
0
489
289
474
96
470
140
189
488
2
429
217
332
15
165
360
179
477
503
42
277
498
512
435
134
301
520
260
325
459
513
152
27
407
233
259
331
273
133
215
299
63
493
258
141
528
5
64
59
370
226
409
225
3
285
139
184
163
32
234
466
101
302
129
543
286
200
229
249
150
18
536
485
369
311
387
55
494
136
390
446
319
339
442
107
304
368
245
28
334
257
392
41
281
123
192
467
159
224
212
539
71
121
274
291
348
111
381
76
425
151
358
88
346
276
453
440
451
60
198
524
465
444
307
296
278
284
241
222
317
433
230
23
517
364
10
29
74
47
22
44
240
342
268
305
525
457
39
353
484
26
115
316
137
380
194
519
109
185
122
510
341
479
437
430
310
172
211
190
544
471
438
401
374
132
69
294
